[/home/daison/books/cpp-primer.pdf]

namespace=33;0.5;0.023346601798471034;

comments=35;0.5;0.024758204341016322;



count_occurence_of_element=44;0.10337078651685394;0.031070180550454737;



class=47;0.5;0.033203039563422757;


if_statement=44;0.5;0.031084752245485559;

read_unknown_number_of_input=41;0.45438996579247437;0.029180849978063146;

1=52;0.5;0.036885897416236123;

[/home/daison/books/NCURSES-Programming-HOWTO.pdf]
1=16;0.5291464081443692;0.15541549147600747;
Window=27;0.53005283998072505;0.26787119847082047;
Function-Naming=17;0.52556173338644041;0.16333473878553209;

[/home/daison/sem4/electronics/electronic s lab.pdf]
astable_multivibrator_using_BJT=38;0.57420749279538907;0.4571542337127707;
astable_multivibrator_using_555=35;0.42579250720461093;0.42092819314456775;
Rectifier_Circuts=20;0.5;0.23727087576374745;
